1, 192;
2, 171;
3, 150;
4, 129;
5, 108;
6, 87;
7, 66;
8, 45;
9, 32;
10, 53;
11, 74;
12, 95;
13, 116;
14, 137;
15, 158;
16, 179;
17, 200;
18, 187;
19, 166;
20, 145;
21, 124;
22, 103;
23, 82;
24, 61;
25, 40;
26, 0;
27, 189;
28, 168;
29, 147;
30, 126;
31, 105;
32, 84;
33, 63;
34, 42;
35, 29;
36, 37;
37, 58;
38, 79;
39, 100;
40, 121;
41, 142;
42, 163;
43, 184;
44, 197;
45, 176;
46, 155;
47, 134;
48, 113;
49, 92;
50, 71;
51, 50;
52, 0;
53, 186;
54, 165;
55, 144;
56, 123;
57, 102;
58, 81;
59, 60;
60, 39;
61, 26;
62, 34;
63, 55;
64, 76;
65, 97;
66, 118;
67, 139;
68, 160;
69, 181;
70, 194;
71, 173;
72, 152;
73, 131;
74, 110;
75, 89;
76, 68;
77, 47;
78, 0;
79, 190;
80, 169;
81, 148;
82, 127;
83, 106;
84, 85;
85, 64;
86, 43;
87, 35;
88, 56;
89, 77;
90, 98;
91, 119;
92, 140;
93, 161;
94, 182;
95, 195;
96, 174;
97, 153;
98, 132;
99, 111;
100, 90;
101, 69;
102, 48;
103, 27;
104, 0;
105, 180;
106, 159;
107, 138;
108, 117;
109, 96;
110, 75;
111, 54;
112, 33;
113, 20;
114, 15;
115, 7;
116, 2;
117, 3;
118, 11;
119, 24;
120, 19;
121, 14;
122, 22;
123, 17;
124, 25;
125, 12;
126, 4;
127, 1;
128, 6;
129, 9;
130, 0;
131, 193;
132, 172;
133, 151;
134, 130;
135, 109;
136, 88;
137, 67;
138, 46;
139, 38;
140, 59;
141, 80;
142, 101;
143, 122;
144, 143;
145, 164;
146, 185;
147, 198;
148, 177;
149, 156;
150, 135;
151, 114;
152, 93;
153, 72;
154, 51;
155, 30;
156, 0;
157, 191;
158, 170;
159, 149;
160, 128;
161, 107;
162, 86;
163, 65;
164, 44;
165, 23;
166, 10;
167, 5;
168, 8;
169, 16;
170, 29;
171, 21;
172, 13;
173, 18;
174, 31;
175, 52;
176, 73;
177, 94;
178, 115;
179, 136;
180, 157;
181, 178;
182, 199;
183, 188;
184, 167;
185, 146;
186, 125;
187, 104;
188, 83;
189, 62;
190, 41;
191, 28;
192, 49;
193, 70;
194, 91;
195, 112;
196, 133;
197, 154;
198, 175;
199, 196;
200, 183;
201, 162;
202, 141;
203, 120;
204, 99;
205, 78;
206, 57;
207, 36;
208, 0;
