0, 1 1;
1, 121 133;
2, 127 118;
3, 135 137;
4, 112 124;
5, 142 117;
6, 122 146;
7, 117 108;
8, 150 135;
9, 104 137;
10, 138 103;
11, 136 154;
12, 100 113;
13, 158 119;
14, 109 154;
15, 122 94;
16, 154 149;
17, 91 130;
18, 153 100;
19, 126 165;
20, 102 98;
21, 167 132;
22, 94 151;
23, 136 86;
24, 149 164;
25, 85 114;
26, 168 108;
27, 110 170;
28, 110 84;
29, 169 149;
30, 80 140;
31, 153 85;
32, 136 177;
33, 86 96;
34, 178 122;
35, 93 167;
36, 126 73;
37, 164 167;
38, 72 123;
39, 170 93;
40, 118 183;
41, 95 80;
42, 183 141;
43, 76 155;
44, 146 71;
45, 151 182;
46, 72 103;
47, 186 108;
48, 96 181;
49, 113 66;
50, 179 163;
51, 65 136;
52, 168 77;
53, 131 192;
54, 80 81;
55, 193 130;
56, 76 170;
57, 135 59;
58, 167 182;
59, 59 113;
60, 187 91;
61, 107 193;
62, 96 63;
63, 193 154;
64, 59 153;
65, 160 63;
66, 146 197;
67, 65 89;
68, 200 113;
69, 82 187;
70, 119 53;
71, 183 178;
72, 51 128;
73, 183 75;
74, 121 204;
75, 79 66;
76, 204 140;
77, 61 170;
78, 146 51;
79, 164 197;
80, 52 100;
81, 201 95;
82, 94 201;
83, 102 49;
84, 198 168;
85, 47 146;
86, 174 58;
87, 138 210;
88, 62 73;
89, 211 123;
90, 67 188;
91, 130 42;
92, 183 192;
93, 42 117;
94, 198 76;
95, 109 212;
96, 82 52;
97, 211 153;
98, 47 165;
99, 160 44;
100, 158 211;
101, 47 86;
102, 215 103;
103, 79 204;
104, 110 36;
105, 200 183;
106, 35 136;
107, 189 58;
108, 127 220;
109, 63 58;
110, 221 135;
111, 52 184;
112, 144 34;
113, 179 207;
114, 34 103;
115, 212 82;
116, 94 218;
117, 90 38;
118, 215 168;
119, 34 156;
120, 175 42;
121, 149 224;
122, 45 71;
123, 225 114;
124, 63 204;
125, 122 26;
126, 198 198;
127, 26 123;
128, 205 62;
129, 114 228;
130, 68 43;
131, 228 149;
132, 38 179;
133, 158 28;
134, 172 221;
135, 30 87;
136, 225 91;
137, 79 220;
138, 99 25;
139, 216 184;
140, 22 146;
141, 192 43;
142, 136 234;
143, 48 54;
144, 235 127;
145, 47 200;
146, 136 19;
147, 193 214;
148, 20 108;
149, 220 68;
150, 99 233;
151, 76 29;
152, 232 165;
153, 24 169;
154, 174 26;
155, 160 234;
156, 30 71;
157, 237 103;
158, 62 220;
159, 113 15;
160, 214 200;
161, 14 132;
162, 209 47;
163, 122 242;
164, 53 39;
165, 242 142;
166, 31 193;
167, 153 14;
168, 184 228;
169, 16 91;
170, 233 77;
171, 81 235;
172, 87 16;
173, 232 182;
174, 12 158;
175, 191 28;
176, 147 244;
177, 33 54;
178, 247 117;
179, 45 215;
180, 127 6;
181, 209 216;
182, 6 116;
183, 224 53;
184, 105 247;
185, 62 24;
186, 246 159;
187, 17 183;
188, 170 11;
189, 174 242;
190, 15 73;
191, 246 90;
192, 65 234;
193, 100 5;
194, 229 200;
195, 2 142;
196, 209 31;
197, 132 253;
198, 38 36;
199, 253 133;
200, 29 209;
