1, 65 234;
2, 81 235;
3, 99 233;
4, 114 228;
5, 127 220;
6, 138 210;
7, 146 197;
8, 151 182;
9, 136 177;
10, 131 192;
11, 121 204;
12, 109 212;
13, 94 218;
14, 79 220;
15, 62 220;
16, 45 215;
17, 29 209;
18, 17 183;
19, 31 193;
20, 47 200;
21, 63 204;
22, 79 204;
23, 94 201;
24, 107 193;
25, 118 183;
26, 1 1;
27, 174 242;
28, 184 228;
29, 193 214;
30, 198 198;
31, 200 183;
32, 198 168;
33, 193 154;
34, 183 141;
35, 169 149;
36, 164 167;
37, 167 182;
38, 164 197;
39, 158 211;
40, 149 224;
41, 136 234;
42, 122 242;
43, 105 247;
44, 132 253;
45, 147 244;
46, 160 234;
47, 172 221;
48, 179 207;
49, 183 192;
50, 183 178;
51, 179 163;
52, 1 1;
53, 246 159;
54, 242 142;
55, 235 127;
56, 225 114;
57, 215 103;
58, 201 95;
59, 187 91;
60, 170 93;
61, 168 108;
62, 178 122;
63, 193 130;
64, 204 140;
65, 211 153;
66, 215 168;
67, 216 184;
68, 214 200;
69, 209 216;
70, 229 200;
71, 232 182;
72, 232 165;
73, 228 149;
74, 221 135;
75, 211 123;
76, 200 113;
77, 186 108;
78, 1 1;
79, 15 73;
80, 16 91;
81, 20 108;
82, 26 123;
83, 35 136;
84, 47 146;
85, 59 153;
86, 76 155;
87, 93 167;
88, 76 170;
89, 61 170;
90, 47 165;
91, 34 156;
92, 22 146;
93, 14 132;
94, 6 116;
95, 2 142;
96, 12 158;
97, 24 169;
98, 38 179;
99, 52 184;
100, 67 188;
101, 82 187;
102, 96 181;
103, 110 170;
104, 1 1;
105, 127 6;
106, 113 15;
107, 99 25;
108, 90 38;
109, 82 52;
110, 79 66;
111, 80 81;
112, 86 96;
113, 102 98;
114, 122 94;
115, 117 108;
116, 127 118;
117, 135 137;
118, 136 154;
119, 149 164;
120, 126 165;
121, 109 154;
122, 94 151;
123, 91 130;
124, 85 114;
125, 100 113;
126, 112 124;
127, 121 133;
128, 122 146;
129, 104 137;
130, 1 1;
131, 100 5;
132, 87 16;
133, 76 29;
134, 68 43;
135, 63 58;
136, 62 73;
137, 65 89;
138, 72 103;
139, 72 123;
140, 59 113;
141, 52 100;
142, 47 86;
143, 45 71;
144, 48 54;
145, 53 39;
146, 62 24;
147, 38 36;
148, 33 54;
149, 30 71;
150, 30 87;
151, 34 103;
152, 42 117;
153, 51 128;
154, 65 136;
155, 80 140;
156, 1 1;
157, 246 90;
158, 233 77;
159, 220 68;
160, 205 62;
161, 189 58;
162, 174 58;
163, 160 63;
164, 146 71;
165, 136 86;
166, 138 103;
167, 142 117;
168, 150 135;
169, 154 149;
170, 169 149;
171, 167 132;
172, 158 119;
173, 153 100;
174, 153 85;
175, 168 77;
176, 183 75;
177, 198 76;
178, 212 82;
179, 225 91;
180, 237 103;
181, 247 117;
182, 253 133;
183, 170 11;
184, 153 14;
185, 136 19;
186, 122 26;
187, 110 36;
188, 102 49;
189, 96 63;
190, 95 80;
191, 110 84;
192, 113 66;
193, 119 53;
194, 130 42;
195, 144 34;
196, 158 28;
197, 174 26;
198, 191 28;
199, 209 31;
200, 224 53;
201, 209 47;
202, 192 43;
203, 175 42;
204, 160 44;
205, 146 51;
206, 135 59;
207, 126 73;
208, 1 1;
