1, 33 117;
2, 41 118;
3, 50 117;
4, 57 114;
5, 64 110;
6, 69 105;
7, 73 99;
8, 76 91;
9, 68 89;
10, 66 96;
11, 61 102;
12, 55 106;
13, 47 109;
14, 40 110;
15, 31 110;
16, 23 108;
17, 15 105;
18, 9 92;
19, 16 97;
20, 24 100;
21, 32 102;
22, 40 102;
23, 47 101;
24, 54 97;
25, 59 92;
26, 1 1;
27, 87 121;
28, 92 114;
29, 97 107;
30, 99 99;
31, 100 92;
32, 99 84;
33, 97 77;
34, 92 71;
35, 85 75;
36, 82 84;
37, 84 91;
38, 82 99;
39, 79 106;
40, 75 112;
41, 68 117;
42, 61 121;
43, 53 124;
44, 66 127;
45, 74 122;
46, 80 117;
47, 86 111;
48, 90 104;
49, 92 96;
50, 92 89;
51, 90 82;
52, 1 1;
53, 123 80;
54, 121 71;
55, 118 64;
56, 113 57;
57, 108 52;
58, 101 48;
59, 94 46;
60, 85 47;
61, 84 54;
62, 89 61;
63, 97 65;
64, 102 70;
65, 106 77;
66, 108 84;
67, 108 92;
68, 107 100;
69, 105 108;
70, 115 100;
71, 116 91;
72, 116 83;
73, 114 75;
74, 111 68;
75, 106 62;
76, 100 57;
77, 93 54;
78, 1 1;
79, 8 37;
80, 8 46;
81, 10 54;
82, 13 62;
83, 18 68;
84, 24 73;
85, 30 77;
86, 38 78;
87, 47 84;
88, 38 85;
89, 31 85;
90, 24 83;
91, 17 78;
92, 11 73;
93, 7 66;
94, 3 58;
95, 1 71;
96, 6 79;
97, 12 85;
98, 19 90;
99, 26 92;
100, 34 94;
101, 41 94;
102, 48 91;
103, 55 85;
104, 1 1;
105, 64 3;
106, 57 8;
107, 50 13;
108, 45 19;
109, 41 26;
110, 40 33;
111, 40 41;
112, 43 48;
113, 51 49;
114, 61 47;
115, 59 54;
116, 64 59;
117, 68 69;
118, 68 77;
119, 75 82;
120, 63 83;
121, 55 77;
122, 47 76;
123, 46 65;
124, 43 57;
125, 50 57;
126, 56 62;
127, 61 67;
128, 61 73;
129, 52 69;
130, 1 1;
131, 50 3;
132, 44 8;
133, 38 15;
134, 34 22;
135, 32 29;
136, 31 37;
137, 33 45;
138, 36 52;
139, 36 62;
140, 30 57;
141, 26 50;
142, 24 43;
143, 23 36;
144, 24 27;
145, 27 20;
146, 31 12;
147, 19 18;
148, 17 27;
149, 15 36;
150, 15 44;
151, 17 52;
152, 21 59;
153, 26 64;
154, 33 68;
155, 40 70;
156, 1 1;
157, 123 45;
158, 117 39;
159, 110 34;
160, 103 31;
161, 95 29;
162, 87 29;
163, 80 32;
164, 73 36;
165, 68 43;
166, 69 52;
167, 71 59;
168, 75 68;
169, 77 75;
170, 85 75;
171, 84 66;
172, 79 60;
173, 77 50;
174, 77 43;
175, 84 39;
176, 92 38;
177, 99 38;
178, 106 41;
179, 113 46;
180, 119 52;
181, 124 59;
182, 127 67;
183, 85 6;
184, 77 7;
185, 68 10;
186, 61 13;
187, 55 18;
188, 51 25;
189, 48 32;
190, 48 40;
191, 55 42;
192, 57 33;
193, 60 27;
194, 65 21;
195, 72 17;
196, 79 14;
197, 87 13;
198, 96 14;
199, 105 16;
200, 112 27;
201, 105 24;
202, 96 22;
203, 88 21;
204, 80 22;
205, 73 26;
206, 68 30;
207, 63 37;
208, 1 1;
